
0.8199241461208283	0.8265439490777569	0.6540246954025851	1.7515010652721286	0.0
0.007277757827254147	0.0070161632423196806	0.021167515238622165	0.026399600463415645	0.0
--------------------------------
0.8988201688099714	0.9116884684711701	0.764671390507662	1.853186132093744	0.0
0.0030925506962033483	0.002973130480743887	0.014928407833945438	0.007385502988548438	0.0
--------------------------------
0.862931071228146	0.8724556876582629	0.7004433748601908	1.799922525663374	0.0
0.0053023515177373715	0.006750341071849918	0.007103984523387709	0.023893329091601787	0.0

--------------------------------
0.8264773627117786	0.8354707598568911	0.6671918320956222	1.7836529149719154	0.0
0.004087888730204523	0.005123596262271897	0.004651273258119712	0.012246705372486668	0.0